SVM with RBF Kernel
{'params': ({'C': 0.1, 'gamma': 0.1}, {'C': 0.1, 'gamma': 0.5}, {'C': 0.1, 'gamma': 1}, {'C': 0.1, 'gamma': 3}, {'C': 0.1, 'gamma': 6}, {'C': 0.1, 'gamma': 10}, {'C': 0.5, 'gamma': 0.1}, {'C': 0.5, 'gamma': 0.5}, {'C': 0.5, 'gamma': 1}, {'C': 0.5, 'gamma': 3}, {'C': 0.5, 'gamma': 6}, {'C': 0.5, 'gamma': 10}, {'C': 1, 'gamma': 0.1}, {'C': 1, 'gamma': 0.5}, {'C': 1, 'gamma': 1}, {'C': 1, 'gamma': 3}, {'C': 1, 'gamma': 6}, {'C': 1, 'gamma': 10}, {'C': 5, 'gamma': 0.1}, {'C': 5, 'gamma': 0.5}, {'C': 5, 'gamma': 1}, {'C': 5, 'gamma': 3}, {'C': 5, 'gamma': 6}, {'C': 5, 'gamma': 10}, {'C': 10, 'gamma': 0.1}, {'C': 10, 'gamma': 0.5}, {'C': 10, 'gamma': 1}, {'C': 10, 'gamma': 3}, {'C': 10, 'gamma': 6}, {'C': 10, 'gamma': 10}, {'C': 50, 'gamma': 0.1}, {'C': 50, 'gamma': 0.5}, {'C': 50, 'gamma': 1}, {'C': 50, 'gamma': 3}, {'C': 50, 'gamma': 6}, {'C': 50, 'gamma': 10}, {'C': 100, 'gamma': 0.1}, {'C': 100, 'gamma': 0.5}, {'C': 100, 'gamma': 1}, {'C': 100, 'gamma': 3}, {'C': 100, 'gamma': 6}, {'C': 100, 'gamma': 10}), 'rank_test_score': array([39, 38, 34, 32, 37, 39, 41, 30, 25, 26, 26, 22, 42, 29, 15, 28, 11,
       17, 36, 11,  5, 22, 22, 20, 35,  5,  5, 17, 17, 15, 33, 20,  3,  5,
       11,  5, 31,  2,  1,  4, 11,  5], dtype=int32), 'std_fit_time': array([  1.38845194e-02,   1.25055033e-05,   2.05407811e-05,
         2.69813999e-05,   3.32711397e-05,   3.41664389e-05,
         2.61039772e-04,   7.30638545e-03,   2.90607951e-04,
         5.21936552e-05,   9.23300813e-05,   1.13805497e-04,
         2.82606383e-05,   2.75304815e-05,   3.57561105e-05,
         4.34525562e-05,   8.36128756e-05,   8.29742693e-05,
         2.77801743e-05,   3.87616113e-05,   9.39282060e-05,
         8.20055389e-05,   6.02351977e-05,   2.82144873e-04,
         4.58347921e-05,   6.14897000e-05,   6.36618502e-05,
         6.24055792e-05,   8.94123712e-05,   2.54391145e-04,
         6.39611597e-05,   1.96610224e-04,   1.26043080e-04,
         4.52049674e-05,   1.26724353e-04,   2.42721243e-04,
         3.69833424e-04,   3.01409269e-04,   1.83288748e-04,
         8.29656918e-05,   6.57872166e-05,   2.32585877e-04]), 'split2_test_score': array([ 0.58333333,  0.58333333,  0.71666667,  0.75      ,  0.61666667,
        0.58333333,  0.58333333,  0.86666667,  0.88333333,  0.88333333,
        0.88333333,  0.88333333,  0.58333333,  0.88333333,  0.88333333,
        0.88333333,  0.93333333,  0.9       ,  0.7       ,  0.9       ,
        0.9       ,  0.86666667,  0.91666667,  0.91666667,  0.71666667,
        0.88333333,  0.88333333,  0.88333333,  0.93333333,  0.91666667,
        0.76666667,  0.85      ,  0.93333333,  0.91666667,  0.91666667,
        0.91666667,  0.8       ,  0.9       ,  0.93333333,  0.91666667,
        0.91666667,  0.91666667]), 'split3_test_score': array([ 0.59322034,  0.59322034,  0.86440678,  0.83050847,  0.6440678 ,
        0.59322034,  0.57627119,  0.71186441,  0.94915254,  0.91525424,
        0.91525424,  0.89830508,  0.61016949,  0.77966102,  0.94915254,
        0.88135593,  0.89830508,  0.91525424,  0.59322034,  0.94915254,
        0.94915254,  0.88135593,  0.89830508,  0.91525424,  0.61016949,
        0.93220339,  0.91525424,  0.91525424,  0.91525424,  0.91525424,
        0.71186441,  0.91525424,  0.91525424,  0.93220339,  0.89830508,
        0.91525424,  0.71186441,  0.94915254,  0.91525424,  0.91525424,
        0.89830508,  0.91525424]), 'split0_test_score': array([ 0.59016393,  0.59016393,  0.67213115,  0.72131148,  0.62295082,
        0.59016393,  0.59016393,  0.81967213,  0.8852459 ,  0.8852459 ,
        0.8852459 ,  0.8852459 ,  0.52459016,  0.86885246,  0.8852459 ,
        0.86885246,  0.90163934,  0.90163934,  0.68852459,  0.8852459 ,
        0.8852459 ,  0.90163934,  0.8852459 ,  0.91803279,  0.67213115,
        0.8852459 ,  0.8852459 ,  0.91803279,  0.91803279,  0.91803279,
        0.78688525,  0.8852459 ,  0.90163934,  0.91803279,  0.91803279,
        0.91803279,  0.81967213,  0.90163934,  0.93442623,  0.91803279,
        0.91803279,  0.91803279]), 'std_train_score': array([ 0.00089715,  0.01456524,  0.02457409,  0.01889727,  0.01283273,
        0.00493889,  0.00089715,  0.01586722,  0.01870449,  0.00763925,
        0.00866096,  0.00739559,  0.06165876,  0.02447634,  0.01051651,
        0.00919499,  0.00804843,  0.00523767,  0.01205041,  0.00991678,
        0.00553478,  0.00266844,  0.00371525,  0.00309213,  0.02232774,
        0.01293292,  0.00608076,  0.00483663,  0.00483183,  0.00309213,
        0.01838652,  0.00883463,  0.0016773 ,  0.00331258,  0.        ,
        0.        ,  0.01214452,  0.01081234,  0.0042507 ,  0.00167364,
        0.        ,  0.        ]), 'std_score_time': array([  2.77511377e-04,   4.58011957e-06,   2.92546494e-06,
         3.22209280e-06,   4.34028172e-05,   3.46618306e-06,
         1.68166073e-05,   1.67605745e-04,   1.94733582e-04,
         2.74654064e-05,   2.59859190e-05,   3.38921549e-05,
         4.22048027e-06,   8.36927323e-06,   5.66092270e-06,
         5.96065521e-06,   2.75412160e-06,   5.77937652e-06,
         2.10362483e-05,   6.37429806e-06,   1.95095754e-06,
         5.77544095e-06,   2.74088056e-06,   8.49118322e-06,
         1.17679315e-05,   1.88576888e-06,   3.61705423e-06,
         5.82717639e-06,   6.52936170e-06,   9.61580880e-06,
         7.56204201e-06,   6.83658780e-06,   4.18259854e-06,
         2.78286676e-06,   2.90780757e-05,   1.37511106e-05,
         1.57603619e-04,   8.58230058e-05,   2.60564348e-06,
         3.76791883e-06,   3.61139226e-06,   3.27250670e-06]), 'split3_train_score': array([ 0.58921162,  0.58921162,  0.80912863,  0.82987552,  0.67219917,
        0.58921162,  0.58921162,  0.85477178,  0.94605809,  0.95850622,
        0.97925311,  0.98340249,  0.6846473 ,  0.90871369,  0.95020747,
        0.97095436,  0.98755187,  0.99170124,  0.72614108,  0.94190871,
        0.9626556 ,  0.99170124,  0.99585062,  0.99170124,  0.76763485,
        0.94190871,  0.98340249,  0.99585062,  0.99170124,  0.99170124,
        0.82987552,  0.97510373,  0.99585062,  0.99585062,  1.        ,
        1.        ,  0.85477178,  0.98755187,  0.99585062,  1.        ,
        1.        ,  1.        ]), 'split4_test_score': array([ 0.59322034,  0.61016949,  0.6779661 ,  0.84745763,  0.62711864,
        0.59322034,  0.59322034,  0.86440678,  0.96610169,  0.94915254,
        0.94915254,  0.98305085,  0.50847458,  0.89830508,  0.94915254,
        0.96610169,  0.98305085,  0.96610169,  0.66101695,  0.96610169,
        1.        ,  0.94915254,  0.93220339,  0.93220339,  0.66101695,
        0.98305085,  1.        ,  0.93220339,  0.93220339,  0.93220339,
        0.81355932,  1.        ,  1.        ,  0.96610169,  0.96610169,
        0.94915254,  0.81355932,  1.        ,  1.        ,  1.        ,
        0.96610169,  0.94915254]), 'param_gamma': masked_array(data = [0.1 0.5 1 3 6 10 0.1 0.5 1 3 6 10 0.1 0.5 1 3 6 10 0.1 0.5 1 3 6 10 0.1
 0.5 1 3 6 10 0.1 0.5 1 3 6 10 0.1 0.5 1 3 6 10],
             mask = [False False False False False False False False False False False False
 False False False False False False False False False False False False
 False False False False False False False False False False False False
 False False False False False False],
       fill_value = ?)
, 'mean_train_score': array([ 0.59000124,  0.59747012,  0.7658024 ,  0.81918844,  0.6750337 ,
        0.59416451,  0.59000124,  0.8617168 ,  0.9450478 ,  0.96418349,
        0.97502049,  0.97918375,  0.60568554,  0.90507163,  0.9575376 ,
        0.97002389,  0.97833999,  0.98751026,  0.70916962,  0.94918678,
        0.96418352,  0.98749288,  0.99167004,  0.99251032,  0.72830882,
        0.95170767,  0.97583996,  0.99084016,  0.99084711,  0.99251032,
        0.81743841,  0.97001346,  0.99249643,  0.99334019,  1.        ,
        1.        ,  0.84079292,  0.97918724,  0.98916306,  0.99916318,
        1.        ,  1.        ]), 'mean_test_score': array([ 0.59      ,  0.59333333,  0.73666667,  0.78666667,  0.64333333,
        0.59      ,  0.58666667,  0.81666667,  0.90666667,  0.90333333,
        0.90333333,  0.91      ,  0.58      ,  0.85333333,  0.92      ,
        0.9       ,  0.92333333,  0.91666667,  0.66      ,  0.92333333,
        0.92666667,  0.91      ,  0.91      ,  0.91333333,  0.66333333,
        0.92666667,  0.92666667,  0.91666667,  0.91666667,  0.92      ,
        0.77      ,  0.91333333,  0.93666667,  0.92666667,  0.92333333,
        0.92666667,  0.79666667,  0.94      ,  0.94333333,  0.93      ,
        0.92333333,  0.92666667]), 'split1_test_score': array([ 0.59016393,  0.59016393,  0.75409836,  0.78688525,  0.70491803,
        0.59016393,  0.59016393,  0.81967213,  0.85245902,  0.8852459 ,
        0.8852459 ,  0.90163934,  0.67213115,  0.83606557,  0.93442623,
        0.90163934,  0.90163934,  0.90163934,  0.6557377 ,  0.91803279,
        0.90163934,  0.95081967,  0.91803279,  0.8852459 ,  0.6557377 ,
        0.95081967,  0.95081967,  0.93442623,  0.8852459 ,  0.91803279,
        0.7704918 ,  0.91803279,  0.93442623,  0.90163934,  0.91803279,
        0.93442623,  0.83606557,  0.95081967,  0.93442623,  0.90163934,
        0.91803279,  0.93442623]), 'split1_train_score': array([ 0.58995816,  0.58995816,  0.77405858,  0.84518828,  0.67364017,
        0.58995816,  0.58995816,  0.87029289,  0.958159  ,  0.9707113 ,
        0.9832636 ,  0.9832636 ,  0.63179916,  0.92887029,  0.9707113 ,
        0.9832636 ,  0.9874477 ,  0.9916318 ,  0.71966527,  0.9665272 ,
        0.9707113 ,  0.9874477 ,  0.9958159 ,  0.9958159 ,  0.72384937,
        0.9748954 ,  0.9790795 ,  0.9916318 ,  0.9958159 ,  0.9958159 ,
        0.78661088,  0.9790795 ,  0.9916318 ,  0.9958159 ,  1.        ,
        1.        ,  0.83682008,  0.9916318 ,  0.9874477 ,  0.9958159 ,
        1.        ,  1.        ]), 'param_C': masked_array(data = [0.1 0.1 0.1 0.1 0.1 0.1 0.5 0.5 0.5 0.5 0.5 0.5 1 1 1 1 1 1 5 5 5 5 5 5 10
 10 10 10 10 10 50 50 50 50 50 50 100 100 100 100 100 100],
             mask = [False False False False False False False False False False False False
 False False False False False False False False False False False False
 False False False False False False False False False False False False
 False False False False False False],
       fill_value = ?)
, 'split0_train_score': array([ 0.58995816,  0.58995816,  0.75313808,  0.80334728,  0.69874477,
        0.59832636,  0.58995816,  0.87866109,  0.9539749 ,  0.9623431 ,
        0.9790795 ,  0.9874477 ,  0.49790795,  0.92887029,  0.9665272 ,
        0.9707113 ,  0.9748954 ,  0.9916318 ,  0.70711297,  0.94142259,
        0.9665272 ,  0.9832636 ,  0.9916318 ,  0.9958159 ,  0.73221757,
        0.9539749 ,  0.9790795 ,  0.9958159 ,  0.9958159 ,  0.9958159 ,
        0.80753138,  0.9665272 ,  0.9916318 ,  0.9958159 ,  1.        ,
        1.        ,  0.82008368,  0.9832636 ,  0.9916318 ,  1.        ,
        1.        ,  1.        ]), 'mean_score_time': array([ 0.00068302,  0.00047364,  0.00047879,  0.00048432,  0.00051203,
        0.00050063,  0.00048313,  0.0005774 ,  0.000527  ,  0.00041261,
        0.0004529 ,  0.00048332,  0.00047235,  0.0004159 ,  0.00035067,
        0.0003406 ,  0.00037322,  0.00041914,  0.00047617,  0.0003314 ,
        0.00029068,  0.00028634,  0.0003212 ,  0.00037622,  0.000456  ,
        0.00030704,  0.00027246,  0.00027556,  0.00031209,  0.0003685 ,
        0.00043344,  0.00026908,  0.00024586,  0.0002614 ,  0.00032425,
        0.00036664,  0.00058489,  0.00037456,  0.00024257,  0.00026078,
        0.00030484,  0.00036263]), 'std_test_score': array([ 0.00360263,  0.00893498,  0.06982418,  0.04735187,  0.03239887,
        0.00360263,  0.00607421,  0.05578522,  0.04300465,  0.02557094,
        0.02557094,  0.03684327,  0.05947739,  0.0418901 ,  0.02985103,
        0.03436646,  0.03218591,  0.02506791,  0.03696457,  0.03000669,
        0.04213675,  0.03451678,  0.0164456 ,  0.01542329,  0.03395984,
        0.03839655,  0.04388932,  0.01829205,  0.0174512 ,  0.00612483,
        0.03313738,  0.04944729,  0.0336413 ,  0.02178045,  0.02243298,
        0.01313211,  0.04354193,  0.0369796 ,  0.02896275,  0.03513761,
        0.02243298,  0.01313211]), 'split2_train_score': array([ 0.59166667,  0.59166667,  0.7375    ,  0.825     ,  0.67083333,
        0.59166667,  0.59166667,  0.87083333,  0.95833333,  0.975     ,
        0.975     ,  0.975     ,  0.59166667,  0.89583333,  0.95833333,
        0.97083333,  0.975     ,  0.98333333,  0.69583333,  0.95416667,
        0.96666667,  0.9875    ,  0.9875    ,  0.99166667,  0.7       ,
        0.95      ,  0.97083333,  0.9875    ,  0.9875    ,  0.99166667,
        0.825     ,  0.975     ,  0.99166667,  0.99166667,  1.        ,
        1.        ,  0.84166667,  0.97083333,  0.98333333,  1.        ,
        1.        ,  1.        ]), 'mean_fit_time': array([ 0.00915856,  0.00187254,  0.0018764 ,  0.00190868,  0.00217056,
        0.00256615,  0.00213904,  0.00581717,  0.00178628,  0.0014924 ,
        0.00207605,  0.00283713,  0.00191627,  0.00160694,  0.00135589,
        0.00130329,  0.00185971,  0.00273523,  0.00201921,  0.00147748,
        0.00121212,  0.00118551,  0.00176435,  0.00265598,  0.00208206,
        0.00138073,  0.00117536,  0.00115967,  0.00171804,  0.00270395,
        0.00272732,  0.00155048,  0.00121303,  0.0012301 ,  0.00171113,
        0.00259504,  0.00319681,  0.00194521,  0.0013278 ,  0.00123525,
        0.0016428 ,  0.00257769]), 'split4_train_score': array([ 0.58921162,  0.62655602,  0.75518672,  0.79253112,  0.65975104,
        0.60165975,  0.58921162,  0.8340249 ,  0.90871369,  0.95435685,
        0.95850622,  0.96680498,  0.62240664,  0.86307054,  0.94190871,
        0.95435685,  0.96680498,  0.97925311,  0.69709544,  0.94190871,
        0.95435685,  0.98755187,  0.98755187,  0.98755187,  0.71784232,
        0.93775934,  0.96680498,  0.98340249,  0.98340249,  0.98755187,
        0.83817427,  0.95435685,  0.99170124,  0.98755187,  1.        ,
        1.        ,  0.85062241,  0.9626556 ,  0.98755187,  1.        ,
        1.        ,  1.        ])}
{'C': 100, 'gamma': 1}
Training :
[ 0.93442623  0.93442623  0.93333333  0.91525424  1.        ]
Best score: 0.94348801 (+/- 0.05836506)
Testing :
[ 0.95121951  0.90243902  0.9         0.97435897  0.92307692]
Test score: 0.93021889 (+/- 0.05744760)
